[세대 현관]
02 10 01 10 17 04 01 10 17 04 00 00 00 00 68 03 02 10 01 10 17 04 01 10 17 04 10 00 00 00 78 03
02 11 12 34 12 34 01 10 17 04 04 40 00 06 13 03 02 12 12 34 12 34 01 10 17 04 41 40 00 06 51 03
02 11 12 34 12 34 12 34 12 34 05 00 00 06 34 03
02 11 12 34 12 34 00 34 12 34 06 40 00 06 63 03
02 12 01 10 17 04 01 10 17 04 61 40 00 06 11 03
02 10 01 10 17 04 01 10 17 04 00 00 00 00 68 03

[세대 현관]
02 10 01 10 17 04 01 10 17 04 00 00 00 00 68 03 02 10 01 10 17 04 01 10 17 04 10 00 00 00 78 03
02 11 12 34 12 34 01 10 17 04 04 40 00 06 13 03 02 12 12 34 12 34 01 10 17 04 41 40 00 06 51 03
02 11 12 34 12 34 12 34 12 34 05 00 00 06 34 03
(문열림을 여러번 연타했을때 반복된 패킷)
02 11 12 34 12 34 00 34 12 34 05 00 00 06 22 03
02 11 12 34 12 34 00 34 12 34 05 00 00 06 22 03
02 11 12 34 12 34 00 34 12 34 05 00 00 06 22 03     
02 11 12 34 12 34 00 34 12 34 05 00 00 06 22 03
02 11 12 34 12 34 00 34 12 34 05 00 00 06 22 03
02 11 12 34 12 34 00 34 12 34 06 40 00 06 63 03
02 12 01 10 17 04 01 10 17 04 61 40 00 06 11 03
02 10 01 10 17 04 01 10 17 04 00 00 00 00 68 03

[지하2층]
02 10 01 10 17 04 01 10 17 04 00 00 00 00 68 03 02 10 01 10 17 04 01 10 17 04 04 00 00 00 6C 03
02 11 12 34 12 34 01 10 17 04 04 30 00 06 03 03
02 12 12 34 12 34 01 10 17 04 41 30 00 06 41 03
02 11 12 34 12 34 12 34 12 34 05 00 00 06 34 03
02 15 01 10 17 04 01 10 17 04 03 00 00 00 70 03
02 10 01 10 17 04 01 10 17 04 00 00 00 00 68 03

[지하2층]
02 10 01 10 17 04 01 10 17 04 00 00 00 00 68 03 02 10 01 10 17 04 01 10 17 04 04 00 00 00 6C 03
02 11 12 34 12 34 01 10 17 04 04 30 00 06 03 03 02 12 12 34 12 34 01 10 17 04 41 30 00 06 41 03
02 11 12 34 12 34 12 34 12 34 05 00 00 06 34 03
02 15 01 10 17 04 01 10 17 04 03 00 00 00 70 03
02 10 01 10 17 04 01 10 17 04 00 00 00 00 68 03

[지하1층]
02 10 01 10 17 04 01 10 17 04 00 00 00 00 68 03 02 10 01 10 17 04 01 10 17 04 04 00 00 00 6C 03
02 11 12 34 12 34 01 10 17 04 04 30 00 06 03 03
02 12 12 34 12 34 01 10 17 04 41 30 00 06 41 03
02 11 12 34 12 34 12 34 12 34 05 00 00 06 34 03
02 15 01 10 17 04 01 10 17 04 03 00 00 00 70 03
02 10 01 10 17 04 01 10 17 04 00 00 00 00 68 03

[지하1층]
02 10 01 10 17 04 01 10 17 04 00 00 00 00 68 03 02 10 01 10 17 04 01 10 17 04 04 00 00 00 6C 03
02 11 12 34 12 34 01 10 17 04 04 30 00 06 03 03
02 12 12 34 12 34 01 10 17 04 41 30 00 06 41 03
02 11 12 34 12 34 12 34 12 34 05 00 00 06 34 03
02 15 01 10 17 04 01 10 17 04 03 00 00 00 70 03
02 10 01 10 17 04 01 10 17 04 00 00 00 00 68 03

[1층]
02 10 01 10 17 04 01 10 17 04 00 00 00 00 68 03 02 10 01 10 17 04 01 10 17 04 04 00 00 00 6C 03
02 11 12 34 12 34 01 10 17 04 04 30 00 06 03 03 02 12 12 34 12 34 01 10 17 04 41 30 00 06 41 03
02 11 12 34 12 34 12 34 12 34 05 00 00 06 34 03
02 15 01 10 17 04 01 10 17 04 03 00 00 00 70 03
02 10 01 10 17 04 01 10 17 04 00 00 00 00 68 03


[1층]
02 10 01 10 17 04 01 10 17 04 00 00 00 00 68 03 02 10 01 10 17 04 01 10 17 04 04 00 00 00 6C 03
02 11 12 34 12 34 01 10 17 04 04 30 00 06 03 03 02 12 12 34 12 34 01 10 17 04 41 30 00 06 41 03
02 11 12 34 12 34 12 34 12 34 05 00 00 06 34 03
02 15 01 10 17 04 01 10 17 04 03 00 00 00 70 03
02 10 01 10 17 04 01 10 17 04 00 00 00 00 68 03


[아무런입력같은게없었는데 받은패킷]
02 70 00 46 03 20 03 15 07 26 01 01 00 00 20 03
02 70 00 46 53 19 03 15 07 26 01 01 00 00 69 03


[요약 및 분석된 결과]

1. 대기 상태 / 호출 해제
02 10 01 10 17 04 01 10 17 04 00 00 00 00 68 03

2. 공동현관 호출 시작
02 10 01 10 17 04 01 10 17 04 04 00 00 00 6C 03

3. [실사용] 욕실폰 → 월패드 통화 시작 요청
02 11 12 34 12 34 01 10 17 04 04 30 00 06 03 03

4. 월패드 → 욕실폰 통화 연결 응답
02 12 12 34 12 34 01 10 17 04 41 30 00 06 41 03

5. [실사용] 욕실폰 → 월패드 문열림 요청
02 11 12 34 12 34 12 34 12 34 05 00 00 06 34 03

6. 문열림 처리 또는 공동현관 세션 종료 상태
02 15 01 10 17 04 01 10 17 04 03 00 00 00 70 03

7. 대기 상태 / 호출 해제
02 10 01 10 17 04 01 10 17 04 00 00 00 00 68 03


